-0.150000 0.015000 0.050000 0.242877 0.085976 0.083276
-0.150000 0.015000 0.060000 0.255613 0.091239 0.072107
-0.150000 0.015000 0.070000 0.267094 0.095652 0.059068
-0.150000 0.015000 0.080000 0.276903 0.099019 0.044289
-0.150000 0.015000 0.090000 0.284629 0.101156 0.028007
-0.150000 0.015000 0.100000 0.289897 0.101914 0.010563
-0.150000 0.015000 0.110000 0.292405 0.101187 -0.007606
-0.150000 0.015000 0.120000 0.291953 0.098931 -0.025983
-0.150000 0.015000 0.130000 0.288476 0.095176 -0.044009
-0.150000 0.015000 0.140000 0.282048 0.090025 -0.061126
-0.150000 0.045000 0.050000 0.302222 0.048501 0.097837
-0.150000 0.045000 0.060000 0.319450 0.051754 0.084255
-0.150000 0.045000 0.070000 0.334976 0.054052 0.068237
-0.150000 0.045000 0.080000 0.348180 0.055242 0.049953
-0.150000 0.045000 0.090000 0.358442 0.055202 0.029722
-0.150000 0.045000 0.100000 0.365190 0.053851 0.008012
-0.150000 0.045000 0.110000 0.367960 0.051160 -0.014561
-0.150000 0.045000 0.120000 0.366457 0.047168 -0.037272
-0.150000 0.045000 0.130000 0.360600 0.041983 -0.059331
-0.150000 0.045000 0.140000 0.350544 0.035784 -0.079958
-0.150000 0.075000 0.050000 0.352463 -0.017404 0.102726
-0.150000 0.075000 0.060000 0.372346 -0.018749 0.086215
-0.150000 0.075000 0.070000 0.389778 -0.021208 0.066958
-0.150000 0.075000 0.080000 0.404009 -0.024775 0.045261
-0.150000 0.075000 0.090000 0.414312 -0.029368 0.021596
-0.150000 0.075000 0.100000 0.420042 -0.034834 -0.003399
-0.150000 0.075000 0.110000 0.420715 -0.040959 -0.028933
-0.150000 0.075000 0.120000 0.416075 -0.047482 -0.054114
-0.150000 0.075000 0.130000 0.406150 -0.054119 -0.078009
-0.150000 0.075000 0.140000 0.391274 -0.060583 -0.099733
-0.150000 0.105000 0.050000 0.378189 -0.109176 0.091740
-0.150000 0.105000 0.060000 0.396476 -0.116299 0.071669
-0.150000 0.105000 0.070000 0.410950 -0.124583 0.049029
-0.150000 0.105000 0.080000 0.420921 -0.133811 0.024459
-0.150000 0.105000 0.090000 0.425849 -0.143619 -0.001254
-0.150000 0.105000 0.100000 0.425393 -0.153529 -0.027226
-0.150000 0.105000 0.110000 0.419452 -0.162991 -0.052523
-0.150000 0.105000 0.120000 0.408190 -0.171448 -0.076235
-0.150000 0.105000 0.130000 0.392038 -0.178400 -0.097537
-0.150000 0.105000 0.140000 0.371673 -0.183462 -0.115755
-0.150000 0.135000 0.050000 0.365647 -0.220056 0.065136
-0.150000 0.135000 0.060000 0.378267 -0.231223 0.042054
-0.150000 0.135000 0.070000 0.385242 -0.242872 0.017020
-0.150000 0.135000 0.080000 0.386106 -0.254668 -0.008830
-0.150000 0.135000 0.090000 0.380797 -0.266119 -0.034265
-0.150000 0.135000 0.100000 0.369659 -0.276615 -0.058099
-0.150000 0.135000 0.110000 0.353403 -0.285489 -0.079315
-0.150000 0.135000 0.120000 0.333009 -0.292107 -0.097157
-0.150000 0.135000 0.130000 0.309610 -0.295952 -0.111188
-0.150000 0.135000 0.140000 0.284366 -0.296693 -0.121281
-0.150000 0.165000 0.050000 0.295317 -0.343369 0.028634
-0.150000 0.165000 0.060000 0.300843 -0.356004 0.006359
-0.150000 0.165000 0.070000 0.299703 -0.367130 -0.017013
-0.150000 0.165000 0.080000 0.291676 -0.376409 -0.040016
-0.150000 0.165000 0.090000 0.277152 -0.383481 -0.061149
-0.150000 0.165000 0.100000 0.257114 -0.387997 -0.079090
-0.150000 0.165000 0.110000 0.233004 -0.389648 -0.092881
-0.150000 0.165000 0.120000 0.206519 -0.388211 -0.102041
-0.150000 0.165000 0.130000 0.179367 -0.383589 -0.106592
-0.150000 0.165000 0.140000 0.153055 -0.375832 -0.106993
-0.150000 0.195000 0.050000 0.139643 -0.452407 -0.014003
-0.150000 0.195000 0.060000 0.137343 -0.465498 -0.028238
-0.150000 0.195000 0.070000 0.130025 -0.474353 -0.042406
-0.150000 0.195000 0.080000 0.117730 -0.478614 -0.055320
-0.150000 0.195000 0.090000 0.101039 -0.478157 -0.065824
-0.150000 0.195000 0.100000 0.081034 -0.473102 -0.072974
-0.150000 0.195000 0.110000 0.059162 -0.463786 -0.076204
-0.150000 0.195000 0.120000 0.037022 -0.450723 -0.075408
-0.150000 0.195000 0.130000 0.016132 -0.434543 -0.070942
-0.150000 0.195000 0.140000 -0.002271 -0.415923 -0.063529
-0.150000 0.225000 0.050000 -0.093265 -0.484235 -0.059443
-0.150000 0.225000 0.060000 -0.105013 -0.496189 -0.059031
-0.150000 0.225000 0.070000 -0.117232 -0.502441 -0.057007
-0.150000 0.225000 0.080000 -0.129478 -0.502635 -0.053114
-0.150000 0.225000 0.090000 -0.141187 -0.496802 -0.047205
-0.150000 0.225000 0.100000 -0.151721 -0.485360 -0.039291
-0.150000 0.225000 0.110000 -0.160434 -0.469059 -0.029570
-0.150000 0.225000 0.120000 -0.166755 -0.448877 -0.018423
-0.150000 0.225000 0.130000 -0.170264 -0.425899 -0.006386
-0.150000 0.225000 0.140000 -0.170745 -0.401198 0.005912
-0.150000 0.255000 0.050000 -0.320593 -0.394486 -0.096488
-0.150000 0.255000 0.060000 -0.340507 -0.401652 -0.080879
-0.150000 0.255000 0.070000 -0.356010 -0.404314 -0.062303
-0.150000 0.255000 0.080000 -0.366277 -0.402284 -0.041526
-0.150000 0.255000 0.090000 -0.370831 -0.395666 -0.019496
-0.150000 0.255000 0.100000 -0.369594 -0.384845 0.002771
-0.150000 0.255000 0.110000 -0.362867 -0.370447 0.024298
-0.150000 0.255000 0.120000 -0.351261 -0.353259 0.044251
-0.150000 0.255000 0.130000 -0.335601 -0.334140 0.061989
-0.150000 0.255000 0.140000 -0.316812 -0.313932 0.077094
-0.150000 0.285000 0.050000 -0.446161 -0.222972 -0.112299
-0.150000 0.285000 0.060000 -0.468342 -0.223349 -0.087519
-0.150000 0.285000 0.070000 -0.483765 -0.222029 -0.059356
-0.150000 0.285000 0.080000 -0.491538 -0.219085 -0.029090
-0.150000 0.285000 0.090000 -0.491306 -0.214647 0.001810
-0.150000 0.285000 0.100000 -0.483283 -0.208897 0.031859
-0.150000 0.285000 0.110000 -0.468207 -0.202052 0.059732
-0.150000 0.285000 0.120000 -0.447211 -0.194351 0.084386
-0.150000 0.285000 0.130000 -0.421666 -0.186042 0.105141
-0.150000 0.285000 0.140000 -0.393001 -0.177367 0.121681
-0.120000 0.015000 0.050000 0.297605 0.161664 0.134312
-0.120000 0.015000 0.060000 0.318557 0.173993 0.120175
-0.120000 0.015000 0.070000 0.338314 0.185159 0.102453
-0.120000 0.015000 0.080000 0.356064 0.194638 0.081150
-0.120000 0.015000 0.090000 0.370931 0.201882 0.056502
-0.120000 0.015000 0.100000 0.382042 0.206364 0.029023
-0.120000 0.015000 0.110000 0.388630 0.207643 -0.000492
-0.120000 0.015000 0.120000 0.390130 0.205431 -0.030994
-0.120000 0.015000 0.130000 0.386268 0.199647 -0.061271
-0.120000 0.015000 0.140000 0.377109 0.190448 -0.090061
-0.120000 0.045000 0.050000 0.398335 0.127460 0.171311
-0.120000 0.045000 0.060000 0.430592 0.137884 0.154165
-0.120000 0.045000 0.070000 0.461562 0.146901 0.131904
-0.120000 0.045000 0.080000 0.489869 0.154002 0.104370
-0.120000 0.045000 0.090000 0.513923 0.158646 0.071760
-0.120000 0.045000 0.100000 0.532063 0.160309 0.034739
-0.120000 0.045000 0.110000 0.542761 0.158562 -0.005500
-0.120000 0.045000 0.120000 0.544855 0.153159 -0.047280
-0.120000 0.045000 0.130000 0.537771 0.144115 -0.088586
-0.120000 0.045000 0.140000 0.521655 0.131744 -0.127309
-0.120000 0.075000 0.050000 0.497597 0.045239 0.193025
-0.120000 0.075000 0.060000 0.539036 0.046364 0.170921
-0.120000 0.075000 0.070000 0.578544 0.045028 0.142624
-0.120000 0.075000 0.080000 0.614279 0.041104 0.108030
-0.120000 0.075000 0.090000 0.644059 0.034603 0.067461
-0.120000 0.075000 0.100000 0.665547 0.025673 0.021830
-0.120000 0.075000 0.110000 0.676558 0.014604 -0.027255
-0.120000 0.075000 0.120000 0.675458 0.001825 -0.077530
-0.120000 0.075000 0.130000 0.661526 -0.012108 -0.126282
-0.120000 0.075000 0.140000 0.635193 -0.026539 -0.170718
-0.120000 0.105000 0.050000 0.570860 -0.079917 0.180461
-0.120000 0.105000 0.060000 0.610879 -0.092759 0.148150
-0.120000 0.105000 0.070000 0.645554 -0.110029 0.109654
-0.120000 0.105000 0.080000 0.673081 -0.131272 0.065896
-0.120000 0.105000 0.090000 0.691693 -0.155456 0.018191
-0.120000 0.105000 0.100000 0.699793 -0.181051 -0.031750
-0.120000 0.105000 0.110000 0.696179 -0.206220 -0.081848
-0.120000 0.105000 0.120000 0.680298 -0.229080 -0.129769
-0.120000 0.105000 0.130000 0.652474 -0.247986 -0.173128
-0.120000 0.105000 0.140000 0.614002 -0.261760 -0.209784
-0.120000 0.135000 0.050000 0.608409 -0.237095 0.134921
-0.120000 0.135000 0.060000 0.636725 -0.257801 0.087764
-0.120000 0.135000 0.070000 0.652360 -0.283257 0.035104
-0.120000 0.135000 0.080000 0.653888 -0.312823 -0.019862
-0.120000 0.135000 0.090000 0.641124 -0.344981 -0.073589
-0.120000 0.135000 0.100000 0.615177 -0.377442 -0.122693
-0.120000 0.135000 0.110000 0.578253 -0.407461 -0.164433
-0.120000 0.135000 0.120000 0.533286 -0.432288 -0.197041
-0.120000 0.135000 0.130000 0.483465 -0.449655 -0.219838
-0.120000 0.135000 0.140000 0.431811 -0.458151 -0.233140
-0.120000 0.165000 0.050000 0.579596 -0.453947 0.076022
-0.120000 0.165000 0.060000 0.597472 -0.475068 0.020329
-0.120000 0.165000 0.070000 0.595731 -0.495970 -0.040236
-0.120000 0.165000 0.080000 0.572969 -0.516156 -0.100349
-0.120000 0.165000 0.090000 0.530408 -0.534707 -0.154308
-0.120000 0.165000 0.100000 0.471884 -0.550342 -0.197122
-0.120000 0.165000 0.110000 0.403199 -0.561602 -0.225494
-0.120000 0.165000 0.120000 0.331008 -0.567120 -0.238386
-0.120000 0.165000 0.130000 0.261569 -0.565896 -0.237017
-0.120000 0.165000 0.140000 0.199701 -0.557496 -0.224324
-0.120000 0.195000 0.050000 0.360910 -0.724117 0.000693
-0.120000 0.195000 0.060000 0.367192 -0.750093 -0.041426
-0.120000 0.195000 0.070000 0.356068 -0.766202 -0.086228
-0.120000 0.195000 0.080000 0.326415 -0.771485 -0.128829
-0.120000 0.195000 0.090000 0.279752 -0.765804 -0.164080
-0.120000 0.195000 0.100000 0.220201 -0.749866 -0.187651
-0.120000 0.195000 0.110000 0.153781 -0.725096 -0.196999
-0.120000 0.195000 0.120000 0.087222 -0.693390 -0.191875
-0.120000 0.195000 0.130000 0.026652 -0.656811 -0.174249
-0.120000 0.195000 0.140000 -0.023450 -0.617311 -0.147676
-0.120000 0.225000 0.050000 -0.112784 -0.856982 -0.104787
-0.120000 0.225000 0.060000 -0.133404 -0.887432 -0.109204
-0.120000 0.225000 0.070000 -0.156932 -0.901987 -0.110606
-0.120000 0.225000 0.080000 -0.182583 -0.899117 -0.107819
-0.120000 0.225000 0.090000 -0.208981 -0.878957 -0.099886
-0.120000 0.225000 0.100000 -0.234263 -0.843332 -0.086336
-0.120000 0.225000 0.110000 -0.256334 -0.795446 -0.067381
-0.120000 0.225000 0.120000 -0.273213 -0.739297 -0.043976
-0.120000 0.225000 0.130000 -0.283391 -0.679001 -0.017718
-0.120000 0.225000 0.140000 -0.286083 -0.618204 0.009425
-0.120000 0.255000 0.050000 -0.607119 -0.666058 -0.201806
-0.120000 0.255000 0.060000 -0.656491 -0.684210 -0.165834
-0.120000 0.255000 0.070000 -0.692770 -0.690811 -0.120965
-0.120000 0.255000 0.080000 -0.712977 -0.685015 -0.070152
-0.120000 0.255000 0.090000 -0.715836 -0.667069 -0.017083
-0.120000 0.255000 0.100000 -0.701953 -0.638315 0.034476
-0.120000 0.255000 0.110000 -0.673572 -0.600985 0.081325
-0.120000 0.255000 0.120000 -0.634004 -0.557844 0.121253
-0.120000 0.255000 0.130000 -0.586928 -0.511764 0.153168
-0.120000 0.255000 0.140000 -0.535791 -0.465341 0.176952
-0.120000 0.285000 0.050000 -0.817643 -0.279105 -0.233393
-0.120000 0.285000 0.060000 -0.872187 -0.275992 -0.177799
-0.120000 0.285000 0.070000 -0.908339 -0.270801 -0.112037
-0.120000 0.285000 0.080000 -0.922904 -0.263949 -0.040516
-0.120000 0.285000 0.090000 -0.914902 -0.255806 0.031567
-0.120000 0.285000 0.100000 -0.885725 -0.246650 0.099119
-0.120000 0.285000 0.110000 -0.838786 -0.236679 0.157978
-0.120000 0.285000 0.120000 -0.778790 -0.226048 0.205471
-0.120000 0.285000 0.130000 -0.710838 -0.214920 0.240570
-0.120000 0.285000 0.140000 -0.639643 -0.203498 0.263674
-0.090000 0.015000 0.050000 0.336532 0.276411 0.213496
-0.090000 0.015000 0.060000 0.368376 0.303816 0.198292
-0.090000 0.015000 0.070000 0.399938 0.330452 0.176525
-0.090000 0.015000 0.080000 0.429815 0.355039 0.147601
-0.090000 0.015000 0.090000 0.456310 0.376032 0.111404
-0.090000 0.015000 0.100000 0.477575 0.391756 0.068494
-0.090000 0.015000 0.110000 0.491842 0.400625 0.020231
-0.090000 0.015000 0.120000 0.497699 0.401416 -0.031250
-0.090000 0.015000 0.130000 0.494344 0.393515 -0.083242
-0.090000 0.015000 0.140000 0.481759 0.377076 -0.132810
-0.090000 0.045000 0.050000 0.492901 0.264813 0.302589
-0.090000 0.045000 0.060000 0.551212 0.295235 0.287982
-0.090000 0.045000 0.070000 0.611752 0.325596 0.263203
-0.090000 0.045000 0.080000 0.671844 0.354427 0.226247
-0.090000 0.045000 0.090000 0.727666 0.379623 0.175787
-0.090000 0.045000 0.100000 0.774501 0.398570 0.111865
-0.090000 0.045000 0.110000 0.807397 0.408540 0.036470
-0.090000 0.045000 0.120000 0.822122 0.407279 -0.046306
-0.090000 0.045000 0.130000 0.816135 0.393623 -0.130694
-0.090000 0.045000 0.140000 0.789251 0.367898 -0.210217
-0.090000 0.075000 0.050000 0.669645 0.172512 0.375325
-0.090000 0.075000 0.060000 0.757623 0.185417 0.359088
-0.090000 0.075000 0.070000 0.851944 0.195289 0.330187
-0.090000 0.075000 0.080000 0.949056 0.201634 0.284989
-0.090000 0.075000 0.090000 1.042615 0.203668 0.220246
-0.090000 0.075000 0.100000 1.123530 0.200222 0.134624
-0.090000 0.075000 0.110000 1.181266 0.189947 0.030321
-0.090000 0.075000 0.120000 1.206295 0.171830 -0.086188
-0.090000 0.075000 0.130000 1.192765 0.145762 -0.204898
-0.090000 0.075000 0.140000 1.140320 0.112892 -0.314315
-0.090000 0.105000 0.050000 0.823654 0.016418 0.369650
-0.090000 0.105000 0.060000 0.914236 -0.008939 0.328950
-0.090000 0.105000 0.070000 1.004952 -0.049153 0.274860
-0.090000 0.105000 0.080000 1.092373 -0.103497 0.206395
-0.090000 0.105000 0.090000 1.170832 -0.168893 0.122727
-0.090000 0.105000 0.100000 1.232142 -0.240033 0.024334
-0.090000 0.105000 0.110000 1.266725 -0.310140 -0.085499
-0.090000 0.105000 0.120000 1.266156 -0.372238 -0.199957
-0.090000 0.105000 0.130000 1.226000 -0.420549 -0.309464
-0.090000 0.105000 0.140000 1.147618 -0.451564 -0.403693
-0.090000 0.135000 0.050000 0.991563 -0.140720 0.291381
-0.090000 0.135000 0.060000 1.054949 -0.178657 0.191202
-0.090000 0.135000 0.070000 1.089560 -0.240936 0.074363
-0.090000 0.135000 0.080000 1.090810 -0.327559 -0.049535
-0.090000 0.135000 0.090000 1.058151 -0.433555 -0.169363
-0.090000 0.135000 0.100000 0.995339 -0.548989 -0.274624
-0.090000 0.135000 0.110000 0.909638 -0.660562 -0.357489
-0.090000 0.135000 0.120000 0.810191 -0.754514 -0.414058
-0.090000 0.135000 0.130000 0.706121 -0.819836 -0.444494
-0.090000 0.135000 0.140000 0.604972 -0.850646 -0.452153
-0.090000 0.165000 0.050000 1.222303 -0.458072 0.235950
-0.090000 0.165000 0.060000 1.290634 -0.476002 0.078578
-0.090000 0.165000 0.070000 1.293041 -0.506614 -0.104878
-0.090000 0.165000 0.080000 1.219462 -0.551706 -0.291800
-0.090000 0.165000 0.090000 1.073065 -0.609276 -0.455673
-0.090000 0.165000 0.100000 0.871308 -0.673455 -0.572827
-0.090000 0.165000 0.110000 0.642444 -0.735706 -0.629076
-0.090000 0.165000 0.120000 0.418214 -0.786972 -0.623495
-0.090000 0.165000 0.130000 0.225583 -0.819988 -0.567575
-0.090000 0.165000 0.140000 0.080858 -0.830866 -0.480491
-0.090000 0.195000 0.050000 1.062615 -1.209600 0.142887
-0.090000 0.195000 0.060000 1.144482 -1.262208 0.002186
-0.090000 0.195000 0.070000 1.156193 -1.288305 -0.165500
-0.090000 0.195000 0.080000 1.084382 -1.284744 -0.336030
-0.090000 0.195000 0.090000 0.931513 -1.251858 -0.481082
-0.090000 0.195000 0.100000 0.716804 -1.193689 -0.575810
-0.090000 0.195000 0.110000 0.471955 -1.117233 -0.606065
-0.090000 0.195000 0.120000 0.232566 -1.030864 -0.572388
-0.090000 0.195000 0.130000 0.028495 -0.942499 -0.488728
-0.090000 0.195000 0.140000 -0.122674 -0.858113 -0.376653
-0.090000 0.225000 0.050000 -0.060961 -1.765315 -0.167249
-0.090000 0.225000 0.060000 -0.085279 -1.872801 -0.191836
-0.090000 0.225000 0.070000 -0.122936 -1.925366 -0.213837
-0.090000 0.225000 0.080000 -0.174284 -1.913480 -0.227751
-0.090000 0.225000 0.090000 -0.236464 -1.836871 -0.227967
-0.090000 0.225000 0.100000 -0.303478 -1.704999 -0.210405
-0.090000 0.225000 0.110000 -0.367282 -1.534878 -0.173968
-0.090000 0.225000 0.120000 -0.419674 -1.346862 -0.121217
-0.090000 0.225000 0.130000 -0.454321 -1.159917 -0.057892
-0.090000 0.225000 0.140000 -0.468135 -0.988101 0.008581
-0.090000 0.255000 0.050000 -1.347167 -1.262602 -0.507600
-0.090000 0.255000 0.060000 -1.508184 -1.323753 -0.405204
-0.090000 0.255000 0.070000 -1.618669 -1.350457 -0.265845
-0.090000 0.255000 0.080000 -1.662858 -1.337796 -0.105030
-0.090000 0.255000 0.090000 -1.636116 -1.285906 0.057363
-0.090000 0.255000 0.100000 -1.545978 -1.200161 0.202187
-0.090000 0.255000 0.110000 -1.409661 -1.090051 0.315814
-0.090000 0.255000 0.120000 -1.248706 -0.967056 0.392936
-0.090000 0.255000 0.130000 -1.082835 -0.842225 0.436110
-0.090000 0.255000 0.140000 -0.925881 -0.724305 0.452558
-0.090000 0.285000 0.050000 -1.652128 -0.232993 -0.566937
-0.090000 0.285000 0.060000 -1.816037 -0.204316 -0.424094
-0.090000 0.285000 0.070000 -1.921384 -0.179859 -0.242028
-0.090000 0.285000 0.080000 -1.953197 -0.163159 -0.039427
-0.090000 0.285000 0.090000 -1.907776 -0.155601 0.160671
-0.090000 0.285000 0.100000 -1.793606 -0.156148 0.336384
-0.090000 0.285000 0.110000 -1.628874 -0.161868 0.472069
-0.090000 0.285000 0.120000 -1.436336 -0.169092 0.561277
-0.090000 0.285000 0.130000 -1.237501 -0.174712 0.606464
-0.090000 0.285000 0.140000 -1.048484 -0.176989 0.615982
-0.060000 0.015000 0.050000 0.321481 0.427268 0.320685
-0.060000 0.015000 0.060000 0.361075 0.481845 0.309322
-0.060000 0.015000 0.070000 0.402289 0.538324 0.287207
-0.060000 0.015000 0.080000 0.443276 0.594075 0.252146
-0.060000 0.015000 0.090000 0.481481 0.645387 0.202722
-0.060000 0.015000 0.100000 0.513838 0.687741 0.138961
-0.060000 0.015000 0.110000 0.537187 0.716449 0.062846
-0.060000 0.015000 0.120000 0.548841 0.727550 -0.021562
-0.060000 0.015000 0.130000 0.547162 0.718720 -0.108550
-0.060000 0.015000 0.140000 0.531944 0.689880 -0.191666
-0.060000 0.045000 0.050000 0.522389 0.475282 0.514184
-0.060000 0.045000 0.060000 0.611602 0.554645 0.522128
-0.060000 0.045000 0.070000 0.712843 0.644432 0.513541
-0.060000 0.045000 0.080000 0.822850 0.742046 0.479963
-0.060000 0.045000 0.090000 0.934554 0.840970 0.412899
-0.060000 0.045000 0.100000 1.036908 0.930353 0.306986
-0.060000 0.045000 0.110000 1.116454 0.996584 0.163533
-0.060000 0.045000 0.120000 1.160549 1.026797 -0.007643
-0.060000 0.045000 0.130000 1.160956 1.012825 -0.189461
-0.060000 0.045000 0.140000 1.116282 0.953847 -0.361439
-0.060000 0.075000 0.050000 0.786228 0.392537 0.724387
-0.060000 0.075000 0.060000 0.955885 0.450739 0.771019
-0.060000 0.075000 0.070000 1.170047 0.521582 0.806873
-0.060000 0.075000 0.080000 1.433178 0.609490 0.812267
-0.060000 0.075000 0.090000 1.736077 0.713246 0.756727
-0.060000 0.075000 0.100000 2.045558 0.819515 0.608667
-0.060000 0.075000 0.110000 2.305946 0.902712 0.356540
-0.060000 0.075000 0.120000 2.459978 0.936167 0.023070
-0.060000 0.075000 0.130000 2.471784 0.904361 -0.343110
-0.060000 0.075000 0.140000 2.335194 0.806472 -0.684540
-0.060000 0.105000 0.050000 1.029010 0.209208 0.757091
-0.060000 0.105000 0.060000 1.221499 0.152480 0.766400
-0.060000 0.105000 0.070000 1.464174 0.048393 0.771041
-0.060000 0.105000 0.080000 1.773459 -0.106164 0.757498
-0.060000 0.105000 0.090000 2.151532 -0.305268 0.691220
-0.060000 0.105000 0.100000 2.558823 -0.529706 0.523853
-0.060000 0.105000 0.110000 2.905603 -0.747534 0.232023
-0.060000 0.105000 0.120000 3.097807 -0.925169 -0.151974
-0.060000 0.105000 0.130000 3.085075 -1.039251 -0.563149
-0.060000 0.105000 0.140000 2.862014 -1.079753 -0.933876
-0.060000 0.135000 0.050000 1.411700 0.278846 0.618005
-0.060000 0.135000 0.060000 1.533638 0.213991 0.407892
-0.060000 0.135000 0.070000 1.596980 0.041858 0.147047
-0.060000 0.135000 0.080000 1.587877 -0.252899 -0.136325
-0.060000 0.135000 0.090000 1.503951 -0.659045 -0.406628
-0.060000 0.135000 0.100000 1.356803 -1.130428 -0.629458
-0.060000 0.135000 0.110000 1.169856 -1.591821 -0.781493
-0.060000 0.135000 0.120000 0.970954 -1.962783 -0.856552
-0.060000 0.135000 0.130000 0.784105 -2.184380 -0.863999
-0.060000 0.135000 0.140000 0.624867 -2.233137 -0.822463
-0.060000 0.165000 0.050000 2.612145 0.294896 0.845476
-0.060000 0.165000 0.060000 2.898986 0.441581 0.358736
-0.060000 0.165000 0.070000 2.949397 0.487638 -0.289535
-0.060000 0.165000 0.080000 2.685661 0.399798 -0.997414
-0.060000 0.165000 0.090000 2.092779 0.177027 -1.621604
-0.060000 0.165000 0.100000 1.249935 -0.147196 -2.010491
-0.060000 0.165000 0.110000 0.332060 -0.509805 -2.072088
-0.060000 0.165000 0.120000 -0.464551 -0.839031 -1.828788
-0.060000 0.165000 0.130000 -1.008363 -1.082579 -1.387848
-0.060000 0.165000 0.140000 -1.251709 -1.220412 -0.879786
-0.060000 0.195000 0.050000 3.633403 -2.019744 1.187068
-0.060000 0.195000 0.060000 4.345803 -2.113212 0.651941
-0.060000 0.195000 0.070000 4.700939 -2.127417 -0.126957
-0.060000 0.195000 0.080000 4.577607 -2.047614 -0.989508
-0.060000 0.195000 0.090000 3.964730 -1.874209 -1.755754
-0.060000 0.195000 0.100000 2.958608 -1.628913 -2.247907
-0.060000 0.195000 0.110000 1.779097 -1.351999 -2.343766
-0.060000 0.195000 0.120000 0.700452 -1.088798 -2.065289
-0.060000 0.195000 0.130000 -0.095233 -0.875042 -1.563335
-0.060000 0.195000 0.140000 -0.567289 -0.729522 -1.006030
-0.060000 0.225000 0.050000 0.322299 -4.466654 -0.129462
-0.060000 0.225000 0.060000 0.379935 -5.006780 -0.230230
-0.060000 0.225000 0.070000 0.378116 -5.307963 -0.357591
-0.060000 0.225000 0.080000 0.300235 -5.297324 -0.481622
-0.060000 0.225000 0.090000 0.148643 -4.965378 -0.568841
-0.060000 0.225000 0.100000 -0.055459 -4.368679 -0.589767
-0.060000 0.225000 0.110000 -0.274106 -3.619320 -0.528716
-0.060000 0.225000 0.120000 -0.464117 -2.850143 -0.394400
-0.060000 0.225000 0.130000 -0.595229 -2.166122 -0.217143
-0.060000 0.225000 0.140000 -0.658562 -1.619062 -0.032941
-0.060000 0.255000 0.050000 -3.760908 -2.794216 -1.777166
-0.060000 0.255000 0.060000 -4.562758 -3.082542 -1.397106
-0.060000 0.255000 0.070000 -5.087677 -3.240299 -0.782884
-0.060000 0.255000 0.080000 -5.226151 -3.232952 -0.056144
-0.060000 0.255000 0.090000 -4.956617 -3.056713 0.649789
-0.060000 0.255000 0.100000 -4.337360 -2.737345 1.201945
-0.060000 0.255000 0.110000 -3.521316 -2.330354 1.500286
-0.060000 0.255000 0.120000 -2.708145 -1.905479 1.545773
-0.060000 0.255000 0.130000 -2.031550 -1.516568 1.432148
-0.060000 0.255000 0.140000 -1.522063 -1.189279 1.259664
-0.060000 0.285000 0.050000 -3.611483 0.576308 -1.690573
-0.060000 0.285000 0.060000 -4.217548 0.830625 -1.272884
-0.060000 0.285000 0.070000 -4.607416 1.005341 -0.659840
-0.060000 0.285000 0.080000 -4.700537 1.062719 0.048466
-0.060000 0.285000 0.090000 -4.480089 0.994108 0.731785
-0.060000 0.285000 0.100000 -3.993668 0.819785 1.275385
-0.060000 0.285000 0.110000 -3.348232 0.588011 1.601536
-0.060000 0.285000 0.120000 -2.675156 0.358334 1.704073
-0.060000 0.285000 0.130000 -2.073731 0.172570 1.641641
-0.060000 0.285000 0.140000 -1.585566 0.042824 1.490768
-0.030000 0.015000 0.050000 0.207271 0.574191 0.427449
-0.030000 0.015000 0.060000 0.237960 0.662442 0.424705
-0.030000 0.015000 0.070000 0.271105 0.757994 0.407221
-0.030000 0.015000 0.080000 0.305278 0.856729 0.370343
-0.030000 0.015000 0.090000 0.338258 0.951930 0.310339
-0.030000 0.015000 0.100000 0.367157 1.034625 0.225846
-0.030000 0.015000 0.110000 0.388839 1.094897 0.119163
-0.030000 0.015000 0.120000 0.400532 1.123956 -0.003270
-0.030000 0.015000 0.130000 0.400485 1.116328 -0.131582
-0.030000 0.015000 0.140000 0.388414 1.071372 -0.254295
-0.030000 0.045000 0.050000 0.369214 0.714437 0.764938
-0.030000 0.045000 0.060000 0.451873 0.874670 0.822675
-0.030000 0.045000 0.070000 0.552892 1.074420 0.862517
-0.030000 0.045000 0.080000 0.671095 1.313988 0.863548
-0.030000 0.045000 0.090000 0.799741 1.580782 0.799636
-0.030000 0.045000 0.100000 0.925015 1.844302 0.648504
-0.030000 0.045000 0.110000 1.027805 2.059743 0.404896
-0.030000 0.045000 0.120000 1.089141 2.181901 0.088541
-0.030000 0.045000 0.130000 1.096398 2.181071 -0.259614
-0.030000 0.045000 0.140000 1.047128 2.052214 -0.589049
-0.030000 0.075000 0.050000 0.613873 0.674147 1.227972
-0.030000 0.075000 0.060000 0.811616 0.846299 1.464913
-0.030000 0.075000 0.070000 1.106352 1.121860 1.769765
-0.030000 0.075000 0.080000 1.546997 1.585483 2.116521
-0.030000 0.075000 0.090000 2.174966 2.337814 2.378450
-0.030000 0.075000 0.100000 2.944898 3.353083 2.277410
-0.030000 0.075000 0.110000 3.652654 4.303836 1.615023
-0.030000 0.075000 0.120000 4.082723 4.845265 0.561018
-0.030000 0.075000 0.130000 4.155860 4.895632 -0.616430
-0.030000 0.075000 0.140000 3.865393 4.461042 -1.737928
-0.030000 0.105000 0.050000 0.839202 0.443088 1.361317
-0.030000 0.105000 0.060000 1.089211 0.319145 1.613604
-0.030000 0.105000 0.070000 1.497984 0.056952 2.057528
-0.030000 0.105000 0.080000 2.250227 -0.433220 2.856704
-0.030000 0.105000 0.090000 3.862090 -1.463591 4.294811
-0.030000 0.105000 0.100000 7.844996 -4.507138 5.760557
-0.030000 0.105000 0.110000 11.744084 -7.524813 3.361398
-0.030000 0.105000 0.120000 13.076315 -8.464100 0.896023
-0.030000 0.105000 0.130000 13.246178 -8.746092 -1.154031
-0.030000 0.105000 0.140000 12.475444 -8.520076 -3.294140
-0.030000 0.135000 0.050000 1.267766 1.142222 1.110466
-0.030000 0.135000 0.060000 1.402277 1.042943 0.729995
-0.030000 0.135000 0.070000 1.464987 0.598159 0.222113
-0.030000 0.135000 0.080000 1.430422 -0.312248 -0.353473
-0.030000 0.135000 0.090000 1.287627 -1.728358 -0.905498
-0.030000 0.135000 0.100000 1.053326 -3.507247 -1.323972
-0.030000 0.135000 0.110000 0.779116 -5.253874 -1.534212
-0.030000 0.135000 0.120000 0.523242 -6.541558 -1.546346
-0.030000 0.135000 0.130000 0.321467 -7.140573 -1.416443
-0.030000 0.135000 0.140000 0.190878 -6.983851 -1.204589
-0.030000 0.165000 0.050000 3.756940 3.870561 2.775297
-0.030000 0.165000 0.060000 4.455288 5.149600 1.421906
-0.030000 0.165000 0.070000 4.631918 5.846042 -0.739988
-0.030000 0.165000 0.080000 3.956310 5.743578 -3.547943
-0.030000 0.165000 0.090000 1.772250 4.703865 -7.108559
-0.030000 0.165000 0.100000 -5.677044 1.423260 -11.410887
-0.030000 0.165000 0.110000 -13.278846 -2.155708 -8.239885
-0.030000 0.165000 0.120000 -15.822779 -3.942654 -5.422011
-0.030000 0.165000 0.130000 -16.851950 -5.056486 -2.778765
-0.030000 0.165000 0.140000 -16.636452 -5.569450 0.126020
-0.030000 0.195000 0.050000 21.867087 -1.347258 16.025892
-0.030000 0.195000 0.060000 36.356478 0.023256 7.579391
-0.030000 0.195000 0.070000 39.305406 0.270861 1.728393
-0.030000 0.195000 0.080000 39.426952 0.695636 -2.979250
-0.030000 0.195000 0.090000 37.318245 1.415971 -7.927272
-0.030000 0.195000 0.100000 30.450072 2.084487 -14.952196
-0.030000 0.195000 0.110000 8.919748 0.842881 -15.139120
-0.030000 0.195000 0.120000 1.978856 1.288025 -8.706709
-0.030000 0.195000 0.130000 -0.481230 1.691304 -4.910246
-0.030000 0.195000 0.140000 -1.428214 1.713827 -2.308578
-0.030000 0.225000 0.050000 1.112137 -12.192319 0.603000
-0.030000 0.225000 0.060000 1.467796 -14.861150 0.249538
-0.030000 0.225000 0.070000 1.648332 -16.443271 -0.317576
-0.030000 0.225000 0.080000 1.603557 -16.597004 -0.922584
-0.030000 0.225000 0.090000 1.334516 -15.277430 -1.448789
-0.030000 0.225000 0.100000 0.873460 -12.729166 -1.755344
-0.030000 0.225000 0.110000 0.330096 -9.405141 -1.681153
-0.030000 0.225000 0.120000 -0.133341 -6.406096 -1.259042
-0.030000 0.225000 0.130000 -0.429481 -4.089118 -0.709687
-0.030000 0.225000 0.140000 -0.569079 -2.534224 -0.205604
-0.030000 0.255000 0.050000 -13.116111 -12.087612 -11.423106
-0.030000 0.255000 0.060000 -19.681454 -17.652883 -7.688014
-0.030000 0.255000 0.070000 -22.288322 -19.394361 -3.257860
-0.030000 0.255000 0.080000 -22.744791 -19.590188 0.611869
-0.030000 0.255000 0.090000 -21.408745 -18.583557 4.707323
-0.030000 0.255000 0.100000 -17.110207 -15.191959 9.462324
-0.030000 0.255000 0.110000 -9.380629 -8.073707 10.146683
-0.030000 0.255000 0.120000 -4.778088 -4.420327 6.861679
-0.030000 0.255000 0.130000 -2.712101 -2.828278 4.568681
-0.030000 0.255000 0.140000 -1.672383 -1.919226 3.159849
-0.030000 0.285000 0.050000 -5.971903 5.560819 -5.517361
-0.030000 0.285000 0.060000 -7.626951 7.801494 -4.216837
-0.030000 0.285000 0.070000 -8.643371 9.141583 -2.021625
-0.030000 0.285000 0.080000 -8.856718 9.434330 0.456679
-0.030000 0.285000 0.090000 -8.256451 8.697050 2.860938
-0.030000 0.285000 0.100000 -6.896600 6.919511 4.724476
-0.030000 0.285000 0.110000 -5.116730 4.559612 5.400140
-0.030000 0.285000 0.120000 -3.501841 2.570479 4.930107
-0.030000 0.285000 0.130000 -2.338092 1.329229 4.031143
-0.030000 0.285000 0.140000 -1.573445 0.645168 3.167540
0.000000 0.015000 0.050000 -0.000000 0.638464 0.474674
0.000000 0.015000 0.060000 0.000000 0.743439 0.477013
0.000000 0.015000 0.070000 -0.000000 0.858983 0.462961
0.000000 0.015000 0.080000 0.000000 0.980325 0.426524
0.000000 0.015000 0.090000 0.000000 1.099179 0.362620
0.000000 0.015000 0.100000 -0.000000 1.204086 0.268985
0.000000 0.015000 0.110000 -0.000000 1.282098 0.147933
0.000000 0.015000 0.120000 -0.000000 1.321561 0.007093
0.000000 0.015000 0.130000 0.000000 1.315104 -0.141467
0.000000 0.015000 0.140000 0.000000 1.261725 -0.283566
0.000000 0.045000 0.050000 -0.000000 0.829861 0.888433
0.000000 0.045000 0.060000 -0.000000 1.037350 0.977852
0.000000 0.045000 0.070000 0.000000 1.305195 1.051462
0.000000 0.045000 0.080000 -0.000000 1.637477 1.080735
0.000000 0.045000 0.090000 0.000000 2.018942 1.027323
0.000000 0.045000 0.100000 0.000000 2.405511 0.856140
0.000000 0.045000 0.110000 0.000000 2.728927 0.556086
0.000000 0.045000 0.120000 0.000000 2.919183 0.152990
0.000000 0.045000 0.130000 -0.000000 2.930168 -0.296287
0.000000 0.045000 0.140000 0.000000 2.753557 -0.721268
0.000000 0.075000 0.050000 0.000000 0.821279 1.508513
0.000000 0.075000 0.060000 -0.000000 1.075463 1.887990
0.000000 0.075000 0.070000 0.000000 1.516908 2.418439
0.000000 0.075000 0.080000 -0.000000 2.322071 3.090122
0.000000 0.075000 0.090000 -0.000000 3.727821 3.703803
0.000000 0.075000 0.100000 -0.000000 5.724384 3.718454
0.000000 0.075000 0.110000 -0.000000 7.626195 2.716137
0.000000 0.075000 0.120000 -0.000000 8.713314 1.041240
0.000000 0.075000 0.130000 0.000000 8.860091 -0.815843
0.000000 0.075000 0.140000 -0.000000 8.090695 -2.600924
0.000000 0.105000 0.050000 -0.000000 0.554125 1.714220
0.000000 0.105000 0.060000 0.000000 0.383328 2.173397
0.000000 0.105000 0.070000 -0.000000 0.000955 3.041688
0.000000 0.105000 0.080000 -0.000000 -0.792217 4.755591
0.000000 0.105000 0.090000 -0.000000 -2.830073 8.289433
0.000000 0.105000 0.100000 -0.000000 13.823729 4.320355
0.000000 0.105000 0.110000 -0.000000 30.518602 7.046482
0.000000 0.105000 0.120000 0.000000 28.629801 2.060946
0.000000 0.105000 0.130000 -0.000000 28.201194 -1.638036
0.000000 0.105000 0.140000 -0.000000 28.785791 -5.687808
0.000000 0.135000 0.050000 0.000000 1.690925 1.388146
0.000000 0.135000 0.060000 0.000000 1.572251 0.908815
0.000000 0.135000 0.070000 -0.000000 0.925755 0.248379
0.000000 0.135000 0.080000 -0.000000 -0.472604 -0.516666
0.000000 0.135000 0.090000 -0.000000 -2.739378 -1.256854
0.000000 0.135000 0.100000 -0.000000 19.487868 -10.484249
0.000000 0.135000 0.110000 -0.000000 41.765626 -2.019476
0.000000 0.135000 0.120000 0.000000 39.706697 -1.953626
0.000000 0.135000 0.130000 -0.000000 38.832571 -1.700538
0.000000 0.135000 0.140000 -0.000000 39.235509 -1.349196
0.000000 0.165000 0.050000 0.000000 7.081261 4.355143
0.000000 0.165000 0.060000 0.000000 9.493455 2.340363
0.000000 0.165000 0.070000 -0.000000 10.849350 -1.081059
0.000000 0.165000 0.080000 -0.000000 10.760087 -5.822123
0.000000 0.165000 0.090000 0.000000 8.869487 -12.831267
0.000000 0.165000 0.100000 0.000000 20.447061 -36.580201
0.000000 0.165000 0.110000 -0.000000 31.463704 -14.483834
0.000000 0.165000 0.120000 -0.000000 28.209519 -8.416393
0.000000 0.165000 0.130000 -0.000000 26.325284 -3.573198
0.000000 0.165000 0.140000 0.000000 25.550802 1.829352
0.000000 0.195000 0.050000 -0.000000 21.172407 60.898118
0.000000 0.195000 0.060000 -0.000000 45.297926 16.120325
0.000000 0.195000 0.070000 -0.000000 45.873847 3.932933
0.000000 0.195000 0.080000 0.000000 46.609613 -4.646444
0.000000 0.195000 0.090000 -0.000000 47.802179 -14.161275
0.000000 0.195000 0.100000 -0.000000 48.474663 -32.271341
0.000000 0.195000 0.110000 -0.000000 3.759961 -32.488794
0.000000 0.195000 0.120000 -0.000000 3.938472 -15.242160
0.000000 0.195000 0.130000 0.000000 4.431225 -7.698941
0.000000 0.195000 0.140000 0.000000 4.262973 -3.182998
0.000000 0.225000 0.050000 -0.000000 32.414758 -0.676670
0.000000 0.225000 0.060000 0.000000 78.584784 0.795930
0.000000 0.225000 0.070000 -0.000000 75.777543 -0.169208
0.000000 0.225000 0.080000 -0.000000 75.439353 -1.204994
0.000000 0.225000 0.090000 0.000000 77.630435 -2.138243
0.000000 0.225000 0.100000 -0.000000 82.033702 -2.730994
0.000000 0.225000 0.110000 0.000000 -14.114672 -2.658045
0.000000 0.225000 0.120000 0.000000 -9.063051 -1.973381
0.000000 0.225000 0.130000 -0.000000 -5.388958 -1.103993
0.000000 0.225000 0.140000 0.000000 -3.067477 -0.349541
0.000000 0.255000 0.050000 -0.000000 25.782173 -22.429640
0.000000 0.255000 0.060000 0.000000 61.926004 -14.684225
0.000000 0.255000 0.070000 -0.000000 58.117353 -5.700696
0.000000 0.255000 0.080000 0.000000 57.672182 1.326006
0.000000 0.255000 0.090000 0.000000 59.627424 9.036747
0.000000 0.255000 0.100000 0.000000 67.622019 19.557380
0.000000 0.255000 0.110000 0.000000 -14.943902 20.501173
0.000000 0.255000 0.120000 0.000000 -6.576980 12.075361
0.000000 0.255000 0.130000 -0.000000 -3.746861 7.176061
0.000000 0.255000 0.140000 -0.000000 -2.364925 4.534050
0.000000 0.285000 0.050000 0.000000 10.594190 -8.853216
0.000000 0.285000 0.060000 0.000000 15.049702 -6.779796
0.000000 0.285000 0.070000 0.000000 17.637725 -3.173737
0.000000 0.285000 0.080000 0.000000 18.168865 0.820654
0.000000 0.285000 0.090000 0.000000 16.719050 4.722085
0.000000 0.285000 0.100000 -0.000000 13.169713 7.775762
0.000000 0.285000 0.110000 0.000000 8.417072 8.671189
0.000000 0.285000 0.120000 0.000000 4.533963 7.502181
0.000000 0.285000 0.130000 0.000000 2.256400 5.754681
0.000000 0.285000 0.140000 0.000000 1.083480 4.261305
0.030000 0.015000 0.050000 -0.207271 0.574191 0.427449
0.030000 0.015000 0.060000 -0.237960 0.662442 0.424705
0.030000 0.015000 0.070000 -0.271105 0.757994 0.407221
0.030000 0.015000 0.080000 -0.305278 0.856729 0.370343
0.030000 0.015000 0.090000 -0.338258 0.951930 0.310339
0.030000 0.015000 0.100000 -0.367157 1.034625 0.225846
0.030000 0.015000 0.110000 -0.388839 1.094897 0.119163
0.030000 0.015000 0.120000 -0.400532 1.123956 -0.003270
0.030000 0.015000 0.130000 -0.400485 1.116328 -0.131582
0.030000 0.015000 0.140000 -0.388414 1.071372 -0.254295
0.030000 0.045000 0.050000 -0.369214 0.714437 0.764938
0.030000 0.045000 0.060000 -0.451873 0.874670 0.822675
0.030000 0.045000 0.070000 -0.552892 1.074420 0.862517
0.030000 0.045000 0.080000 -0.671095 1.313988 0.863548
0.030000 0.045000 0.090000 -0.799741 1.580782 0.799636
0.030000 0.045000 0.100000 -0.925015 1.844302 0.648504
0.030000 0.045000 0.110000 -1.027805 2.059743 0.404896
0.030000 0.045000 0.120000 -1.089141 2.181901 0.088541
0.030000 0.045000 0.130000 -1.096398 2.181071 -0.259614
0.030000 0.045000 0.140000 -1.047128 2.052214 -0.589049
0.030000 0.075000 0.050000 -0.613873 0.674147 1.227972
0.030000 0.075000 0.060000 -0.811616 0.846299 1.464913
0.030000 0.075000 0.070000 -1.106352 1.121860 1.769765
0.030000 0.075000 0.080000 -1.546997 1.585483 2.116521
0.030000 0.075000 0.090000 -2.174966 2.337814 2.378450
0.030000 0.075000 0.100000 -2.944898 3.353083 2.277410
0.030000 0.075000 0.110000 -3.652654 4.303836 1.615023
0.030000 0.075000 0.120000 -4.082723 4.845265 0.561018
0.030000 0.075000 0.130000 -4.155860 4.895632 -0.616430
0.030000 0.075000 0.140000 -3.865393 4.461042 -1.737928
0.030000 0.105000 0.050000 -0.839202 0.443088 1.361317
0.030000 0.105000 0.060000 -1.089211 0.319145 1.613604
0.030000 0.105000 0.070000 -1.497984 0.056952 2.057528
0.030000 0.105000 0.080000 -2.250227 -0.433220 2.856704
0.030000 0.105000 0.090000 -3.862090 -1.463591 4.294811
0.030000 0.105000 0.100000 -7.844996 -4.507138 5.760557
0.030000 0.105000 0.110000 -11.744084 -7.524813 3.361398
0.030000 0.105000 0.120000 -13.076315 -8.464100 0.896023
0.030000 0.105000 0.130000 -13.246178 -8.746092 -1.154031
0.030000 0.105000 0.140000 -12.475444 -8.520076 -3.294140
0.030000 0.135000 0.050000 -1.267766 1.142222 1.110466
0.030000 0.135000 0.060000 -1.402277 1.042943 0.729995
0.030000 0.135000 0.070000 -1.464987 0.598159 0.222113
0.030000 0.135000 0.080000 -1.430422 -0.312248 -0.353473
0.030000 0.135000 0.090000 -1.287627 -1.728358 -0.905498
0.030000 0.135000 0.100000 -1.053326 -3.507247 -1.323972
0.030000 0.135000 0.110000 -0.779116 -5.253874 -1.534212
0.030000 0.135000 0.120000 -0.523242 -6.541558 -1.546346
0.030000 0.135000 0.130000 -0.321467 -7.140573 -1.416443
0.030000 0.135000 0.140000 -0.190878 -6.983851 -1.204589
0.030000 0.165000 0.050000 -3.756940 3.870561 2.775297
0.030000 0.165000 0.060000 -4.455288 5.149600 1.421906
0.030000 0.165000 0.070000 -4.631918 5.846042 -0.739988
0.030000 0.165000 0.080000 -3.956310 5.743578 -3.547943
0.030000 0.165000 0.090000 -1.772250 4.703865 -7.108559
0.030000 0.165000 0.100000 5.677044 1.423260 -11.410887
0.030000 0.165000 0.110000 13.278846 -2.155708 -8.239885
0.030000 0.165000 0.120000 15.822779 -3.942654 -5.422011
0.030000 0.165000 0.130000 16.851950 -5.056486 -2.778765
0.030000 0.165000 0.140000 16.636452 -5.569450 0.126020
0.030000 0.195000 0.050000 -21.867087 -1.347258 16.025892
0.030000 0.195000 0.060000 -36.356478 0.023256 7.579391
0.030000 0.195000 0.070000 -39.305406 0.270861 1.728393
0.030000 0.195000 0.080000 -39.426952 0.695636 -2.979250
0.030000 0.195000 0.090000 -37.318245 1.415971 -7.927272
0.030000 0.195000 0.100000 -30.450072 2.084487 -14.952196
0.030000 0.195000 0.110000 -8.919748 0.842881 -15.139120
0.030000 0.195000 0.120000 -1.978856 1.288025 -8.706709
0.030000 0.195000 0.130000 0.481230 1.691304 -4.910246
0.030000 0.195000 0.140000 1.428214 1.713827 -2.308578
0.030000 0.225000 0.050000 -1.112137 -12.192319 0.603000
0.030000 0.225000 0.060000 -1.467796 -14.861150 0.249538
0.030000 0.225000 0.070000 -1.648332 -16.443271 -0.317576
0.030000 0.225000 0.080000 -1.603557 -16.597004 -0.922584
0.030000 0.225000 0.090000 -1.334516 -15.277430 -1.448789
0.030000 0.225000 0.100000 -0.873460 -12.729166 -1.755344
0.030000 0.225000 0.110000 -0.330096 -9.405141 -1.681153
0.030000 0.225000 0.120000 0.133341 -6.406096 -1.259042
0.030000 0.225000 0.130000 0.429481 -4.089118 -0.709687
0.030000 0.225000 0.140000 0.569079 -2.534224 -0.205604
0.030000 0.255000 0.050000 13.116111 -12.087612 -11.423106
0.030000 0.255000 0.060000 19.681454 -17.652883 -7.688014
0.030000 0.255000 0.070000 22.288322 -19.394361 -3.257860
0.030000 0.255000 0.080000 22.744791 -19.590188 0.611869
0.030000 0.255000 0.090000 21.408745 -18.583557 4.707323
0.030000 0.255000 0.100000 17.110207 -15.191959 9.462324
0.030000 0.255000 0.110000 9.380629 -8.073707 10.146683
0.030000 0.255000 0.120000 4.778088 -4.420327 6.861679
0.030000 0.255000 0.130000 2.712101 -2.828278 4.568681
0.030000 0.255000 0.140000 1.672383 -1.919226 3.159849
0.030000 0.285000 0.050000 5.971903 5.560819 -5.517361
0.030000 0.285000 0.060000 7.626951 7.801494 -4.216837
0.030000 0.285000 0.070000 8.643371 9.141583 -2.021625
0.030000 0.285000 0.080000 8.856718 9.434330 0.456679
0.030000 0.285000 0.090000 8.256451 8.697050 2.860938
0.030000 0.285000 0.100000 6.896600 6.919511 4.724476
0.030000 0.285000 0.110000 5.116730 4.559612 5.400140
0.030000 0.285000 0.120000 3.501841 2.570479 4.930107
0.030000 0.285000 0.130000 2.338092 1.329229 4.031143
0.030000 0.285000 0.140000 1.573445 0.645168 3.167540
0.060000 0.015000 0.050000 -0.321481 0.427268 0.320685
0.060000 0.015000 0.060000 -0.361075 0.481845 0.309322
0.060000 0.015000 0.070000 -0.402289 0.538324 0.287207
0.060000 0.015000 0.080000 -0.443276 0.594075 0.252146
0.060000 0.015000 0.090000 -0.481481 0.645387 0.202722
0.060000 0.015000 0.100000 -0.513838 0.687741 0.138961
0.060000 0.015000 0.110000 -0.537187 0.716449 0.062846
0.060000 0.015000 0.120000 -0.548841 0.727550 -0.021562
0.060000 0.015000 0.130000 -0.547162 0.718720 -0.108550
0.060000 0.015000 0.140000 -0.531944 0.689880 -0.191666
0.060000 0.045000 0.050000 -0.522389 0.475282 0.514184
0.060000 0.045000 0.060000 -0.611602 0.554645 0.522128
0.060000 0.045000 0.070000 -0.712843 0.644432 0.513541
0.060000 0.045000 0.080000 -0.822850 0.742046 0.479963
0.060000 0.045000 0.090000 -0.934554 0.840970 0.412899
0.060000 0.045000 0.100000 -1.036908 0.930353 0.306986
0.060000 0.045000 0.110000 -1.116454 0.996584 0.163533
0.060000 0.045000 0.120000 -1.160549 1.026797 -0.007643
0.060000 0.045000 0.130000 -1.160956 1.012825 -0.189461
0.060000 0.045000 0.140000 -1.116282 0.953847 -0.361439
0.060000 0.075000 0.050000 -0.786228 0.392537 0.724387
0.060000 0.075000 0.060000 -0.955885 0.450739 0.771019
0.060000 0.075000 0.070000 -1.170047 0.521582 0.806873
0.060000 0.075000 0.080000 -1.433178 0.609490 0.812267
0.060000 0.075000 0.090000 -1.736077 0.713246 0.756727
0.060000 0.075000 0.100000 -2.045558 0.819515 0.608667
0.060000 0.075000 0.110000 -2.305946 0.902712 0.356540
0.060000 0.075000 0.120000 -2.459978 0.936167 0.023070
0.060000 0.075000 0.130000 -2.471784 0.904361 -0.343110
0.060000 0.075000 0.140000 -2.335194 0.806472 -0.684540
0.060000 0.105000 0.050000 -1.029010 0.209208 0.757091
0.060000 0.105000 0.060000 -1.221499 0.152480 0.766400
0.060000 0.105000 0.070000 -1.464174 0.048393 0.771041
0.060000 0.105000 0.080000 -1.773459 -0.106164 0.757498
0.060000 0.105000 0.090000 -2.151532 -0.305268 0.691220
0.060000 0.105000 0.100000 -2.558823 -0.529706 0.523853
0.060000 0.105000 0.110000 -2.905603 -0.747534 0.232023
0.060000 0.105000 0.120000 -3.097807 -0.925169 -0.151974
0.060000 0.105000 0.130000 -3.085075 -1.039251 -0.563149
0.060000 0.105000 0.140000 -2.862014 -1.079753 -0.933876
0.060000 0.135000 0.050000 -1.411700 0.278846 0.618005
0.060000 0.135000 0.060000 -1.533638 0.213991 0.407892
0.060000 0.135000 0.070000 -1.596980 0.041858 0.147047
0.060000 0.135000 0.080000 -1.587877 -0.252899 -0.136325
0.060000 0.135000 0.090000 -1.503951 -0.659045 -0.406628
0.060000 0.135000 0.100000 -1.356803 -1.130428 -0.629458
0.060000 0.135000 0.110000 -1.169856 -1.591821 -0.781493
0.060000 0.135000 0.120000 -0.970954 -1.962783 -0.856552
0.060000 0.135000 0.130000 -0.784105 -2.184380 -0.863999
0.060000 0.135000 0.140000 -0.624867 -2.233137 -0.822463
0.060000 0.165000 0.050000 -2.612145 0.294896 0.845476
0.060000 0.165000 0.060000 -2.898986 0.441581 0.358736
0.060000 0.165000 0.070000 -2.949397 0.487638 -0.289535
0.060000 0.165000 0.080000 -2.685661 0.399798 -0.997414
0.060000 0.165000 0.090000 -2.092779 0.177027 -1.621604
0.060000 0.165000 0.100000 -1.249935 -0.147196 -2.010491
0.060000 0.165000 0.110000 -0.332060 -0.509805 -2.072088
0.060000 0.165000 0.120000 0.464551 -0.839031 -1.828788
0.060000 0.165000 0.130000 1.008363 -1.082579 -1.387848
0.060000 0.165000 0.140000 1.251709 -1.220412 -0.879786
0.060000 0.195000 0.050000 -3.633403 -2.019744 1.187068
0.060000 0.195000 0.060000 -4.345803 -2.113212 0.651941
0.060000 0.195000 0.070000 -4.700939 -2.127417 -0.126957
0.060000 0.195000 0.080000 -4.577607 -2.047614 -0.989508
0.060000 0.195000 0.090000 -3.964730 -1.874209 -1.755754
0.060000 0.195000 0.100000 -2.958608 -1.628913 -2.247907
0.060000 0.195000 0.110000 -1.779097 -1.351999 -2.343766
0.060000 0.195000 0.120000 -0.700452 -1.088798 -2.065289
0.060000 0.195000 0.130000 0.095233 -0.875042 -1.563335
0.060000 0.195000 0.140000 0.567289 -0.729522 -1.006030
0.060000 0.225000 0.050000 -0.322299 -4.466654 -0.129462
0.060000 0.225000 0.060000 -0.379935 -5.006780 -0.230230
0.060000 0.225000 0.070000 -0.378116 -5.307963 -0.357591
0.060000 0.225000 0.080000 -0.300235 -5.297324 -0.481622
0.060000 0.225000 0.090000 -0.148643 -4.965378 -0.568841
0.060000 0.225000 0.100000 0.055459 -4.368679 -0.589767
0.060000 0.225000 0.110000 0.274106 -3.619320 -0.528716
0.060000 0.225000 0.120000 0.464117 -2.850143 -0.394400
0.060000 0.225000 0.130000 0.595229 -2.166122 -0.217143
0.060000 0.225000 0.140000 0.658562 -1.619062 -0.032941
0.060000 0.255000 0.050000 3.760908 -2.794216 -1.777166
0.060000 0.255000 0.060000 4.562758 -3.082542 -1.397106
0.060000 0.255000 0.070000 5.087677 -3.240299 -0.782884
0.060000 0.255000 0.080000 5.226151 -3.232952 -0.056144
0.060000 0.255000 0.090000 4.956617 -3.056713 0.649789
0.060000 0.255000 0.100000 4.337360 -2.737345 1.201945
0.060000 0.255000 0.110000 3.521316 -2.330354 1.500286
0.060000 0.255000 0.120000 2.708145 -1.905479 1.545773
0.060000 0.255000 0.130000 2.031550 -1.516568 1.432148
0.060000 0.255000 0.140000 1.522063 -1.189279 1.259664
0.060000 0.285000 0.050000 3.611483 0.576308 -1.690573
0.060000 0.285000 0.060000 4.217548 0.830625 -1.272884
0.060000 0.285000 0.070000 4.607416 1.005341 -0.659840
0.060000 0.285000 0.080000 4.700537 1.062719 0.048466
0.060000 0.285000 0.090000 4.480089 0.994108 0.731785
0.060000 0.285000 0.100000 3.993668 0.819785 1.275385
0.060000 0.285000 0.110000 3.348232 0.588011 1.601536
0.060000 0.285000 0.120000 2.675156 0.358334 1.704073
0.060000 0.285000 0.130000 2.073731 0.172570 1.641641
0.060000 0.285000 0.140000 1.585566 0.042824 1.490768
0.090000 0.015000 0.050000 -0.336532 0.276411 0.213496
0.090000 0.015000 0.060000 -0.368376 0.303816 0.198292
0.090000 0.015000 0.070000 -0.399938 0.330452 0.176525
0.090000 0.015000 0.080000 -0.429815 0.355039 0.147601
0.090000 0.015000 0.090000 -0.456310 0.376032 0.111404
0.090000 0.015000 0.100000 -0.477575 0.391756 0.068494
0.090000 0.015000 0.110000 -0.491842 0.400625 0.020231
0.090000 0.015000 0.120000 -0.497699 0.401416 -0.031250
0.090000 0.015000 0.130000 -0.494344 0.393515 -0.083242
0.090000 0.015000 0.140000 -0.481759 0.377076 -0.132810
0.090000 0.045000 0.050000 -0.492901 0.264813 0.302589
0.090000 0.045000 0.060000 -0.551212 0.295235 0.287982
0.090000 0.045000 0.070000 -0.611752 0.325596 0.263203
0.090000 0.045000 0.080000 -0.671844 0.354427 0.226247
0.090000 0.045000 0.090000 -0.727666 0.379623 0.175787
0.090000 0.045000 0.100000 -0.774501 0.398570 0.111865
0.090000 0.045000 0.110000 -0.807397 0.408540 0.036470
0.090000 0.045000 0.120000 -0.822122 0.407279 -0.046306
0.090000 0.045000 0.130000 -0.816135 0.393623 -0.130694
0.090000 0.045000 0.140000 -0.789251 0.367898 -0.210217
0.090000 0.075000 0.050000 -0.669645 0.172512 0.375325
0.090000 0.075000 0.060000 -0.757623 0.185417 0.359088
0.090000 0.075000 0.070000 -0.851944 0.195289 0.330187
0.090000 0.075000 0.080000 -0.949056 0.201634 0.284989
0.090000 0.075000 0.090000 -1.042615 0.203668 0.220246
0.090000 0.075000 0.100000 -1.123530 0.200222 0.134624
0.090000 0.075000 0.110000 -1.181266 0.189947 0.030321
0.090000 0.075000 0.120000 -1.206295 0.171830 -0.086188
0.090000 0.075000 0.130000 -1.192765 0.145762 -0.204898
0.090000 0.075000 0.140000 -1.140320 0.112892 -0.314315
0.090000 0.105000 0.050000 -0.823654 0.016418 0.369650
0.090000 0.105000 0.060000 -0.914236 -0.008939 0.328950
0.090000 0.105000 0.070000 -1.004952 -0.049153 0.274860
0.090000 0.105000 0.080000 -1.092373 -0.103497 0.206395
0.090000 0.105000 0.090000 -1.170832 -0.168893 0.122727
0.090000 0.105000 0.100000 -1.232142 -0.240033 0.024334
0.090000 0.105000 0.110000 -1.266725 -0.310140 -0.085499
0.090000 0.105000 0.120000 -1.266156 -0.372238 -0.199957
0.090000 0.105000 0.130000 -1.226000 -0.420549 -0.309464
0.090000 0.105000 0.140000 -1.147618 -0.451564 -0.403693
0.090000 0.135000 0.050000 -0.991563 -0.140720 0.291381
0.090000 0.135000 0.060000 -1.054949 -0.178657 0.191202
0.090000 0.135000 0.070000 -1.089560 -0.240936 0.074363
0.090000 0.135000 0.080000 -1.090810 -0.327559 -0.049535
0.090000 0.135000 0.090000 -1.058151 -0.433555 -0.169363
0.090000 0.135000 0.100000 -0.995339 -0.548989 -0.274624
0.090000 0.135000 0.110000 -0.909638 -0.660562 -0.357489
0.090000 0.135000 0.120000 -0.810191 -0.754514 -0.414058
0.090000 0.135000 0.130000 -0.706121 -0.819836 -0.444494
0.090000 0.135000 0.140000 -0.604972 -0.850646 -0.452153
0.090000 0.165000 0.050000 -1.222303 -0.458072 0.235950
0.090000 0.165000 0.060000 -1.290634 -0.476002 0.078578
0.090000 0.165000 0.070000 -1.293041 -0.506614 -0.104878
0.090000 0.165000 0.080000 -1.219462 -0.551706 -0.291800
0.090000 0.165000 0.090000 -1.073065 -0.609276 -0.455673
0.090000 0.165000 0.100000 -0.871308 -0.673455 -0.572827
0.090000 0.165000 0.110000 -0.642444 -0.735706 -0.629076
0.090000 0.165000 0.120000 -0.418214 -0.786972 -0.623495
0.090000 0.165000 0.130000 -0.225583 -0.819988 -0.567575
0.090000 0.165000 0.140000 -0.080858 -0.830866 -0.480491
0.090000 0.195000 0.050000 -1.062615 -1.209600 0.142887
0.090000 0.195000 0.060000 -1.144482 -1.262208 0.002186
0.090000 0.195000 0.070000 -1.156193 -1.288305 -0.165500
0.090000 0.195000 0.080000 -1.084382 -1.284744 -0.336030
0.090000 0.195000 0.090000 -0.931513 -1.251858 -0.481082
0.090000 0.195000 0.100000 -0.716804 -1.193689 -0.575810
0.090000 0.195000 0.110000 -0.471955 -1.117233 -0.606065
0.090000 0.195000 0.120000 -0.232566 -1.030864 -0.572388
0.090000 0.195000 0.130000 -0.028495 -0.942499 -0.488728
0.090000 0.195000 0.140000 0.122674 -0.858113 -0.376653
0.090000 0.225000 0.050000 0.060961 -1.765315 -0.167249
0.090000 0.225000 0.060000 0.085279 -1.872801 -0.191836
0.090000 0.225000 0.070000 0.122936 -1.925366 -0.213837
0.090000 0.225000 0.080000 0.174284 -1.913480 -0.227751
0.090000 0.225000 0.090000 0.236464 -1.836871 -0.227967
0.090000 0.225000 0.100000 0.303478 -1.704999 -0.210405
0.090000 0.225000 0.110000 0.367282 -1.534878 -0.173968
0.090000 0.225000 0.120000 0.419674 -1.346862 -0.121217
0.090000 0.225000 0.130000 0.454321 -1.159917 -0.057892
0.090000 0.225000 0.140000 0.468135 -0.988101 0.008581
0.090000 0.255000 0.050000 1.347167 -1.262602 -0.507600
0.090000 0.255000 0.060000 1.508184 -1.323753 -0.405204
0.090000 0.255000 0.070000 1.618669 -1.350457 -0.265845
0.090000 0.255000 0.080000 1.662858 -1.337796 -0.105030
0.090000 0.255000 0.090000 1.636116 -1.285906 0.057363
0.090000 0.255000 0.100000 1.545978 -1.200161 0.202187
0.090000 0.255000 0.110000 1.409661 -1.090051 0.315814
0.090000 0.255000 0.120000 1.248706 -0.967056 0.392936
0.090000 0.255000 0.130000 1.082835 -0.842225 0.436110
0.090000 0.255000 0.140000 0.925881 -0.724305 0.452558
0.090000 0.285000 0.050000 1.652128 -0.232993 -0.566937
0.090000 0.285000 0.060000 1.816037 -0.204316 -0.424094
0.090000 0.285000 0.070000 1.921384 -0.179859 -0.242028
0.090000 0.285000 0.080000 1.953197 -0.163159 -0.039427
0.090000 0.285000 0.090000 1.907776 -0.155601 0.160671
0.090000 0.285000 0.100000 1.793606 -0.156148 0.336384
0.090000 0.285000 0.110000 1.628874 -0.161868 0.472069
0.090000 0.285000 0.120000 1.436336 -0.169092 0.561277
0.090000 0.285000 0.130000 1.237501 -0.174712 0.606464
0.090000 0.285000 0.140000 1.048484 -0.176989 0.615982
0.120000 0.015000 0.050000 -0.297605 0.161664 0.134312
0.120000 0.015000 0.060000 -0.318557 0.173993 0.120175
0.120000 0.015000 0.070000 -0.338314 0.185159 0.102453
0.120000 0.015000 0.080000 -0.356064 0.194638 0.081150
0.120000 0.015000 0.090000 -0.370931 0.201882 0.056502
0.120000 0.015000 0.100000 -0.382042 0.206364 0.029023
0.120000 0.015000 0.110000 -0.388630 0.207643 -0.000492
0.120000 0.015000 0.120000 -0.390130 0.205431 -0.030994
0.120000 0.015000 0.130000 -0.386268 0.199647 -0.061271
0.120000 0.015000 0.140000 -0.377109 0.190448 -0.090061
0.120000 0.045000 0.050000 -0.398335 0.127460 0.171311
0.120000 0.045000 0.060000 -0.430592 0.137884 0.154165
0.120000 0.045000 0.070000 -0.461562 0.146901 0.131904
0.120000 0.045000 0.080000 -0.489869 0.154002 0.104370
0.120000 0.045000 0.090000 -0.513923 0.158646 0.071760
0.120000 0.045000 0.100000 -0.532063 0.160309 0.034739
0.120000 0.045000 0.110000 -0.542761 0.158562 -0.005500
0.120000 0.045000 0.120000 -0.544855 0.153159 -0.047280
0.120000 0.045000 0.130000 -0.537771 0.144115 -0.088586
0.120000 0.045000 0.140000 -0.521655 0.131744 -0.127309
0.120000 0.075000 0.050000 -0.497597 0.045239 0.193025
0.120000 0.075000 0.060000 -0.539036 0.046364 0.170921
0.120000 0.075000 0.070000 -0.578544 0.045028 0.142624
0.120000 0.075000 0.080000 -0.614279 0.041104 0.108030
0.120000 0.075000 0.090000 -0.644059 0.034603 0.067461
0.120000 0.075000 0.100000 -0.665547 0.025673 0.021830
0.120000 0.075000 0.110000 -0.676558 0.014604 -0.027255
0.120000 0.075000 0.120000 -0.675458 0.001825 -0.077530
0.120000 0.075000 0.130000 -0.661526 -0.012108 -0.126282
0.120000 0.075000 0.140000 -0.635193 -0.026539 -0.170718
0.120000 0.105000 0.050000 -0.570860 -0.079917 0.180461
0.120000 0.105000 0.060000 -0.610879 -0.092759 0.148150
0.120000 0.105000 0.070000 -0.645554 -0.110029 0.109654
0.120000 0.105000 0.080000 -0.673081 -0.131272 0.065896
0.120000 0.105000 0.090000 -0.691693 -0.155456 0.018191
0.120000 0.105000 0.100000 -0.699793 -0.181051 -0.031750
0.120000 0.105000 0.110000 -0.696179 -0.206220 -0.081848
0.120000 0.105000 0.120000 -0.680298 -0.229080 -0.129769
0.120000 0.105000 0.130000 -0.652474 -0.247986 -0.173128
0.120000 0.105000 0.140000 -0.614002 -0.261760 -0.209784
0.120000 0.135000 0.050000 -0.608409 -0.237095 0.134921
0.120000 0.135000 0.060000 -0.636725 -0.257801 0.087764
0.120000 0.135000 0.070000 -0.652360 -0.283257 0.035104
0.120000 0.135000 0.080000 -0.653888 -0.312823 -0.019862
0.120000 0.135000 0.090000 -0.641124 -0.344981 -0.073589
0.120000 0.135000 0.100000 -0.615177 -0.377442 -0.122693
0.120000 0.135000 0.110000 -0.578253 -0.407461 -0.164433
0.120000 0.135000 0.120000 -0.533286 -0.432288 -0.197041
0.120000 0.135000 0.130000 -0.483465 -0.449655 -0.219838
0.120000 0.135000 0.140000 -0.431811 -0.458151 -0.233140
0.120000 0.165000 0.050000 -0.579596 -0.453947 0.076022
0.120000 0.165000 0.060000 -0.597472 -0.475068 0.020329
0.120000 0.165000 0.070000 -0.595731 -0.495970 -0.040236
0.120000 0.165000 0.080000 -0.572969 -0.516156 -0.100349
0.120000 0.165000 0.090000 -0.530408 -0.534707 -0.154308
0.120000 0.165000 0.100000 -0.471884 -0.550342 -0.197122
0.120000 0.165000 0.110000 -0.403199 -0.561602 -0.225494
0.120000 0.165000 0.120000 -0.331008 -0.567120 -0.238386
0.120000 0.165000 0.130000 -0.261569 -0.565896 -0.237017
0.120000 0.165000 0.140000 -0.199701 -0.557496 -0.224324
0.120000 0.195000 0.050000 -0.360910 -0.724117 0.000693
0.120000 0.195000 0.060000 -0.367192 -0.750093 -0.041426
0.120000 0.195000 0.070000 -0.356068 -0.766202 -0.086228
0.120000 0.195000 0.080000 -0.326415 -0.771485 -0.128829
0.120000 0.195000 0.090000 -0.279752 -0.765804 -0.164080
0.120000 0.195000 0.100000 -0.220201 -0.749866 -0.187651
0.120000 0.195000 0.110000 -0.153781 -0.725096 -0.196999
0.120000 0.195000 0.120000 -0.087222 -0.693390 -0.191875
0.120000 0.195000 0.130000 -0.026652 -0.656811 -0.174249
0.120000 0.195000 0.140000 0.023450 -0.617311 -0.147676
0.120000 0.225000 0.050000 0.112784 -0.856982 -0.104787
0.120000 0.225000 0.060000 0.133404 -0.887432 -0.109204
0.120000 0.225000 0.070000 0.156932 -0.901987 -0.110606
0.120000 0.225000 0.080000 0.182583 -0.899117 -0.107819
0.120000 0.225000 0.090000 0.208981 -0.878957 -0.099886
0.120000 0.225000 0.100000 0.234263 -0.843332 -0.086336
0.120000 0.225000 0.110000 0.256334 -0.795446 -0.067381
0.120000 0.225000 0.120000 0.273213 -0.739297 -0.043976
0.120000 0.225000 0.130000 0.283391 -0.679001 -0.017718
0.120000 0.225000 0.140000 0.286083 -0.618204 0.009425
0.120000 0.255000 0.050000 0.607119 -0.666058 -0.201806
0.120000 0.255000 0.060000 0.656491 -0.684210 -0.165834
0.120000 0.255000 0.070000 0.692770 -0.690811 -0.120965
0.120000 0.255000 0.080000 0.712977 -0.685015 -0.070152
0.120000 0.255000 0.090000 0.715836 -0.667069 -0.017083
0.120000 0.255000 0.100000 0.701953 -0.638315 0.034476
0.120000 0.255000 0.110000 0.673572 -0.600985 0.081325
0.120000 0.255000 0.120000 0.634004 -0.557844 0.121253
0.120000 0.255000 0.130000 0.586928 -0.511764 0.153168
0.120000 0.255000 0.140000 0.535791 -0.465341 0.176952
0.120000 0.285000 0.050000 0.817643 -0.279105 -0.233393
0.120000 0.285000 0.060000 0.872187 -0.275992 -0.177799
0.120000 0.285000 0.070000 0.908339 -0.270801 -0.112037
0.120000 0.285000 0.080000 0.922904 -0.263949 -0.040516
0.120000 0.285000 0.090000 0.914902 -0.255806 0.031567
0.120000 0.285000 0.100000 0.885725 -0.246650 0.099119
0.120000 0.285000 0.110000 0.838786 -0.236679 0.157978
0.120000 0.285000 0.120000 0.778790 -0.226048 0.205471
0.120000 0.285000 0.130000 0.710838 -0.214920 0.240570
0.120000 0.285000 0.140000 0.639643 -0.203498 0.263674
